8.28516285751227e+42
-4.95579395955417e+99
-1.06521364251239e+157575090572628376033254528911835483838315944511144785
-8.30860831965573e+249750609605355753058190919261704749411295813089872463
-2.28960306553298e+315150181145256752066509057823670967676631889022289470
-2.30563079455378e+365878029855006576069615721577702260399569139082214193
-1.78587790465473e+407325700177984129091445448173540233249611757601017149
-2.30007216808346e+442369206112741042381347668856816941968791804967779059
-4.92134346433425e+472725271717885128099763586735506451514947833533434155
-1.39297502625922e+499501219210711506116381838523409498822591626179744828
-4.95579395955418e+523453120427634952102870250489537744237885083593358878
-5.51953685667205e+545120250636586502280736319657680051706344252494881616
-3.83862106339625e+564900790750612505124699977085375717087927702112161834
-9.69311776027249e+583097123744634016280909911975423199541488032181581505
-4.94384607633275e+599944296685369418414602197768652425807107749478923744
-3.86549226179035e+615628639460362329127806640839407009810864952172086557
-1.05780874678850e+630300362290513504133018115647341935353263778044578841
-2.31169197381115e+644082327422275153667635510547129878570806692096950391
-2.99410349534356e+657076309783339882149636367435244982660907570690889513
-1.10833312395360e+669367562676833027637389621720624731989301847972922465
-1.06521364251239e+681028211000263328136124779401373228076201028104503564
-3.85617297803600e+692119815718096795439538588118521691380087618057651423
-1.18638627999093e+702695341209214878313990848569515535544660197006026302
-8.24720736865611e+712800684936579785265648482372345030202130313000856974
-8.25085053683898e+722475881323240881157954505997211200926243646623306519
-1.07267037414787e+731756059710013152139231443155404520799138278164428287
-2.08346863509439e+740672214317262392314164440887258683379803976692726191
-2.33538439787984e+749251828816067259174572757785114248233887439269617192
-1.06264552763302e+757519387257997794447856726680487909645423693990068430
-3.21712482475176e+765496795307334506444224552174110827265752014745685668
-8.30860831965573e+773203730032990705161061169751242493649180896683231242
-4.00643444381569e+780657932323793183613171465663192391717173096112354762
-2.27368675421971e+787875452863141880166272644559177419191579722555723526
-9.25374828378002e+794870860241942255338927238919384801117640065584753980
-4.96882204524004e+801657417994903529700890039458965362409122636608095076
-1.07008428189504e+808247235967747618450963390434519202368360944049993153
-6.43561842232218e+814651400355968258182890896347080466499223515202034198
-4.75242744573851e+820880085922865489262801510222727362026150843515719988
-2.38228540919800e+826942653249461403670644150632460215827617792484067150
-1.62509417307672e+832847733349989769339100831237127948952783845271453870
-2.28960306553298e+838603301572891704169379308313208711914516972615648249
-2.73080311033541e+844216742375261257496320947204286681663628695759178948
-8.28857716365006e+849694906290725171472793117030357175218403562568796108
-9.83256485757196e+855044160193244180320031703274191443059631559772462365
-2.55005527075937e+860270431781843254347245377481351019382976141517170987
-6.48066917793439e+865379249065718082185997560101111759222160765261958921
-1.77268019482220e+870375775509208161298903011284180514040446257512001660
-1.10240233941859e+875264841396815553575764599475413530611081589090170741
-1.77346326863076e+880050971895869257191209034909046684764559591134451205
-1.06750442443093e+884738412225482084762695337713633883937583609935558019
-2.30563079455378e+889331150282641528172485972067240004637454222675572972
-3.87565409757603e+893832937027630906725826429808834627982102505186822755
-4.47827176021026e+898247304889890768347418969799094167218119921203870876
-4.95828738410905e+902577584420606809307280563298526497703137101519204035
-5.01974727245516e+906826919388695635207827286696949732072203383780761877
-2.56790622295413e+910998280491593078350352041235382312105913391577095710
-2.28408308018378e+915094477830626170481111255592323393483739638501213115
-1.85816962726581e+919118172282188780695580540982329481400597661062794829
-6.91498734805983e+923071885879962882477479081085946311104067959256830353
-2.03428471122466e+926958011309634915061673959729564844551987364256879785
-1.78587790465473e+930778820605619081194315698663077977487496841194375928
-8.90220819820203e+934536473128940675963295390414549919898560634562152658
-8.61155379383029e+938233022896421559646425994575027875555489040623499447
-6.46504498549084e+941870425323452548497729507380226440791383431147523787
-4.88713245377221e+945450543435770256199527173471012903029895667066868211
-4.50962065528062e+948975153599640592350525633553125459941057171263795599
-1.98902920434263e+952445950814570631372181767831220284955956010095898666
-2.89241885664512e+955864553608025434323063651503231079349159314048649541
-1.06801393944193e+959232508567531905734144568370800846247438581119239762
-1.38268088456419e+962551294541935538323839401634049779613426126090729339
-2.30007216808346e+965822326540375994484217919346354686206676888561137838
-1.87222741189745e+969046959354710737304704608903405364874445237311018006
-1.38329167786433e+972226490928596634216145425258915950337539459713178884
-2.59591886923337e+975362165494198199279593537975847858721780262200505760
-1.02150141663807e+978455176495493865296056039134562845864466788026864674
-1.79837944588297e+981506669315368905197422362417109270210434091254300651
-5.12055775309956e+984517743822089779703898679544295699665933736995211835
-2.56171527879346e+987489456749327544662083988514496993675136057462660576
-3.49302755049250e+990422823922618145372355360148963432791099789782598555
-2.10355020212590e+993318822343998061954241510930923128366881903509064539
-4.92134346433425e+996178392145520080202633837225044195752832917126792934
-3.91537549708064e+999002438421423012232763677046818997645183252359489556
-5.86967245185113e+1001791832947889633529575476116122165501944640270323633
-6.92673189897109e+1004547415798568966426748338366654290828657729774565454
-1.78157234618586e+1007269996863353547506047645942192659056719507079940794
-1.07549027377669e+1009960357277281729737251232124832138970375831179164485
-2.11344182438847e+1012619250765872556353286232186026926897947504283607051
-5.39365242026892e+1015247404912690259502415471435815576677047827835558032
-5.48116746931478e+1017845522354471630380499906393186503221292086028315672
-2.99222672758925e+1020414281908727631412838312350858906380443100280819839
-1.39297502625922e+1022954339638346458219252089012947243060476709773103607
-4.49874844763802e+1025466329857375058662257580832240141510279837149360465
-3.81025349872696e+1027950866081836537332157540196015997878762202023146345
-6.71696499566276e+1030408541929148936671362384924897141128468909202227126
-2.36953759795109e+1032839931969443929609019128387249014449397533601315426
-5.15640279250292e+1035245592531839603707005343298326992388870987055136558
-3.81193666172926e+1037626062468497633224463563820882168602875535645595890
-8.38551958988948e+1039981863879089813772743835907753517758399844579931059
-2.29452694286034e+1042313502798110460795949866625469367775899554446702704
-1.55143193212034e+1044621469847298008397118158181089550528935878674626345
4.95579395955418e+1046906240855269904205740500979075488475770167186717657
1.55143193212034e+1044621469847298008397118158181089550528935878674626345
2.29452694286034e+1042313502798110460795949866625469367775899554446702704
8.38551958988948e+1039981863879089813772743835907753517758399844579931059
3.81193666172926e+1037626062468497633224463563820882168602875535645595890
5.15640279250292e+1035245592531839603707005343298326992388870987055136558
2.36953759795109e+1032839931969443929609019128387249014449397533601315426
6.71696499566276e+1030408541929148936671362384924897141128468909202227126
3.81025349872696e+1027950866081836537332157540196015997878762202023146345
4.49874844763802e+1025466329857375058662257580832240141510279837149360465
1.39297502625922e+1022954339638346458219252089012947243060476709773103607