0
2.76096405444467e+26996192
-1.48636115970793e+38451972
-2.15129034730295e+356135
2.37711795193637e+18638461
-7.59173633706079e+55265240
-3.18180949346641e+1727452
3.42170806939356e+12372942
-4.26977305275437e+84550371
-2.60406693642993e+4043878
1.79498350295023e+7669869
-5.58346136497492e+237755850
-2.99254938350674e+7419971
3.00343317634289e+4222408
1.60109880419716e+87275038
-5.76439270491861e+12037159
2.53042614661047e+1843604
1.49678065615043e+56599651
-1.35993415034378e+18192589
4.84299326415370e+415849
2.81350386931621e+39310554
-8.88035519545191e+26397101
-3.19882786658139e-26846
4.18319180144726e+27607051
-1.55581862504022e+37613234
-1.88639059131274e+299756
6.25074404709586e+19092371
-3.43591524981123e+53973556
-5.11643054630515e+1614984
1.42293285461118e+12714764
-1.26005348073385e+81988331
-1.32480220748603e+3869468
9.14258065422767e+7924636
-4.88591586969634e+189567745
-1.34763036768481e+7174888
5.58231357973944e+4405092
1.62484873258846e+90183888
-8.16781767497205e+11707323
3.29824018374055e+1963462
1.36148802114882e+57979469
-1.57399958939876e+17754593
8.52717874411819e+478927
3.22319828574591e+40189773
-8.41750854431219e+25809462
-4.01834846531651e-32867
9.68518755159664e+28230011
-5.47418911032763e+36793595
-2.92809938675176e+246680
3.92612608713346e+19554488
-2.04118500319803e+52722153
-2.49646142483555e+1506179
4.35679581030712e+13062719
-9.81317535978554e+79570956
-1.43253787777795e+3699144
6.45273976343344e+8184331
-1.21035554043931e+167163306
-2.37420660253542e+6934565
4.91372865273989e+4591966
8.07748947594721e+93303106
-1.11284667310146e+11383346
3.03066528659411e+2087049
8.94112975791144e+59407644
-5.27996625551395e+17324317
1.25153789487831e+545396
4.96183213701227e+41090473
-3.32336689615645e+25232972
-4.00659295224369e-36389
1.95749987663332e+28865422
-1.03548789800439e+35992356
-1.60636927726268e+196871
4.18656729844601e+20024986
-1.47217053468096e+51508796
-2.39268255966808e+1401015
1.75197285378998e+13416907
-8.13551773143004e+77283128
-1.10496527218514e+3532874
6.13038174954735e+8449012
-8.17166664937273e+152407800
-9.51822097091905e+6698950
6.94166026758357e+4783066
6.58968653243232e+96664934
-1.21486528249223e+11065140
3.10307532537131e+2214388
2.26526662198227e+60887434
-4.07342352709191e+16901612
1.98473650676995e+615278
6.71557023192606e+42013555
-2.59573660224642e+24667341
-5.04782534796664e-38888
4.15757497698144e+29513648
-6.61285852587744e+35208854
-2.87266752056054e+150285
5.30369287381776e+20504047
-3.59722670319636e+50331436
-7.05016198184970e+1299471
3.82887819911374e+13777428
-1.23890119216239e+75111997
-1.76301219616024e+3370626
5.23138733389088e+8718740
-2.12984289040054e+141388778
1.79858845401726e+6467994
2.12984289040054e+141388778
-5.23138733389088e+8718740
1.76301219616024e+3370626
1.23890119216239e+75111997
-3.82887819911374e+13777428
7.05016198184970e+1299471
3.59722670319636e+50331436
-5.30369287381776e+20504047
2.87266752056054e+150285
6.61285852587744e+35208854
-4.15757497698144e+29513648
5.04782534796664e-38888
2.59573660224642e+24667341
-6.71557023192606e+42013555
-1.98473650676995e+615278
4.07342352709191e+16901612
-2.26526662198227e+60887434
-3.10307532537131e+2214388
1.21486528249223e+11065140
-6.58968653243232e+96664934
-6.94166026758357e+4783066
9.51822097091905e+6698950
8.17166664937273e+152407800
-6.13038174954735e+8449012
1.10496527218514e+3532874
8.13551773143004e+77283128
-1.75197285378998e+13416907
2.39268255966808e+1401015
1.47217053468096e+51508796
-4.18656729844601e+20024986
1.60636927726268e+196871
1.03548789800439e+35992356
-1.95749987663332e+28865422
4.00659295224369e-36389
3.32336689615645e+25232972
-4.96183213701227e+41090473
-1.25153789487831e+545396
5.27996625551395e+17324317
-8.94112975791144e+59407644
-3.03066528659411e+2087049
1.11284667310146e+11383346
-8.07748947594721e+93303106
-4.91372865273989e+4591966
2.37420660253542e+6934565
1.21035554043931e+167163306
-6.45273976343344e+8184331
1.43253787777795e+3699144
9.81317535978554e+79570956
-4.35679581030712e+13062719
2.49646142483555e+1506179
2.04118500319803e+52722153
-3.92612608713346e+19554488
2.92809938675176e+246680
5.47418911032763e+36793595
-9.68518755159664e+28230011
4.01834846531651e-32867
8.41750854431219e+25809462
-3.22319828574591e+40189773
-8.52717874411819e+478927
1.57399958939876e+17754593
-1.36148802114882e+57979469
-3.29824018374055e+1963462
8.16781767497205e+11707323
-1.62484873258846e+90183888
-5.58231357973944e+4405092
1.34763036768481e+7174888
4.88591586969634e+189567745
-9.14258065422767e+7924636
1.32480220748603e+3869468
1.26005348073385e+81988331
-1.42293285461118e+12714764
5.11643054630515e+1614984
3.43591524981123e+53973556
-6.25074404709586e+19092371
1.88639059131274e+299756
1.55581862504022e+37613234
-4.18319180144726e+27607051
3.19882786658139e-26846
8.88035519545191e+26397101
-2.81350386931621e+39310554
-4.84299326415370e+415849
1.35993415034378e+18192589
-1.49678065615043e+56599651
-2.53042614661047e+1843604
5.76439270491861e+12037159
-1.60109880419716e+87275038
-3.00343317634289e+4222408
2.99254938350674e+7419971
5.58346136497492e+237755850
-1.79498350295023e+7669869
2.60406693642993e+4043878
4.26977305275437e+84550371
-3.42170806939356e+12372942
3.18180949346641e+1727452
7.59173633706079e+55265240
-2.37711795193637e+18638461
2.15129034730295e+356135
1.48636115970793e+38451972
